Sample1_1: 131.245762712
Sample1_2: 130.0546875
Sample1_3: 130.992125984
Sample2_1: 132.165217391
Sample2_2: 131.132352941
Sample2_3: 130.095940959
Sample3_1: 134.557768924
Sample3_2: 132.996168582
Sample3_3: 132.14559387
Sample4_1: 135.842519685
Sample4_2: 134.936507937
Sample4_3: 133.555555556
SampleNav_1: 136.516949153
SampleNav_2: 132.4048583
SampleNav_3: 133.949790795
Sample1_1: 131.245762712
Sample1_2: 130.0546875
Sample1_3: 130.992125984
Sample2_1: 132.165217391
Sample2_2: 131.132352941
Sample2_3: 130.095940959
Sample3_1: 134.557768924
Sample3_2: 132.996168582
Sample3_3: 132.14559387
Sample4_1: 135.842519685
Sample4_2: 134.936507937
Sample4_3: 133.555555556
SampleNav_1: 136.516949153
SampleNav_2: 132.4048583
SampleNav_3: 133.949790795
Sample1_1: 131.245762712
